      Vaterite
      Wang J, Becker U
      American Mineralogist 94 (2009) 380-386
      Structure and carbonate orientation of vaterite (CaCO3)
      Locality: theoretical
      Note: Coordinates corrected by Wang, Sept, 2009
      _database_code_amcsd 0004854

      CELL PARAMETERS:    7.2900   7.2900  25.3020   90.000   90.000  120.000
      SPACE GROUP: P6_522    
      X-RAY WAVELENGTH:     1.541838
      Cell Volume:   1164.503
      Density (g/cm3):      2.569
      MAX. ABS. INTENSITY / VOLUME**2:      11.48398665    
      RIR:      1.456
      RIR based on corundum from Acta Crystallographica A38 (1982) 733-739
               2-THETA      INTENSITY    D-SPACING   H   K   L   Multiplicity
                14.46          1.58        6.1255    1   0   1        12
                19.87          1.38        4.4685    1   0   4        12
                21.07          9.85        4.2170    0   0   6         2
                22.52          3.37        3.9485    1   0   5        12
                24.42         56.83        3.6450    1   1   0         6
                26.64        100.00        3.3459    1   1   3        12
                28.26          1.02        3.1582    1   1   4        12
                28.45          5.52        3.1368    1   0   7        12
                31.64          2.74        2.8278    1   0   8        12
                31.68         11.03        2.8245    2   0   4        12
                32.47         79.47        2.7576    1   1   6        12
                33.46          8.17        2.6783    2   0   5        12
                34.96          1.34        2.5666    1   1   7        12
                37.84          7.70        2.3776    2   0   7        12
                37.87          3.52        2.3757    2   1   1        12
                38.32          1.25        2.3486    1   0  10        12
                38.39          4.23        2.3449    2   1   2        12
                40.37          9.38        2.2342    2   0   8        12
                40.40          4.67        2.2326    2   1   4        12
                40.52          3.15        2.2261    1   1   9        12
                41.86          3.87        2.1583    2   1   5        12
                42.89          6.44        2.1085    0   0  12         2
                42.98         61.25        2.1044    3   0   0         6
                43.13          2.40        2.0972    3   0   1        12
                45.55          1.27        1.9914    2   1   7        12
                46.70          1.14        1.9452    1   1  11        12
                48.34         19.19        1.8830    3   0   6        12
                49.97         49.98        1.8251    1   1  12        12
                50.05          3.05        1.8225    2   2   0         6
                51.29          1.16        1.7814    2   2   3        12
                52.38          1.10        1.7468    3   1   1        12
                52.73          2.34        1.7360    2   1  10        12
                54.37          2.64        1.6875    3   1   4        12
                54.88         20.14        1.6729    2   2   6        12
                55.49          3.71        1.6561    2   1  11        12
                55.54          2.18        1.6547    3   1   5        12
                58.58          2.68        1.5758    3   1   7        12
                58.60          5.38        1.5753    4   0   1        12
                58.97          1.29        1.5662    4   0   2        12
                60.43          1.99        1.5319    3   1   8        12
                60.54          1.95        1.5293    2   2   9        12
                61.48          1.14        1.5082    2   1  13        12
                62.34          4.18        1.4895    3   0  12        12
                64.41          1.13        1.4464    4   0   7        12
                67.99          5.84        1.3788    2   2  12        12
                68.05          1.35        1.3777    4   1   0        12
                69.08          2.79        1.3597    4   1   3        12
                71.67          1.32        1.3169    3   2   8        12
                72.00          6.57        1.3115    1   1  18        12
                72.13         11.26        1.3096    4   1   6        12
                77.95          1.92        1.2256    3   2  11        12
                82.53          1.42        1.1689    3   0  18        12
                83.13          1.32        1.1619    3   2  13        12
                83.89          4.42        1.1533    4   1  12        12
                84.74          1.27        1.1440    1   1  21        12
                87.67          3.94        1.1131    2   2  18        12
================================================================================
       XPOW Copyright 1993 Bob Downs, Ranjini Swaminathan and Kurt Bartelmehs
  For reference, see Downs et al. (1993) American Mineralogist 78, 1104-1107.

